1 2 3 4 5
0
1 2 3 5 4
0
1 2 4 3 5
0
1 2 4 5 3
0
1 2 5 3 4
0
1 2 5 4 3
0
1 3 2 4 5
0
1 3 2 5 4
0
1 3 4 2 5
0
1 3 4 5 2
0
1 3 5 2 4
0
1 3 5 4 2
0
1 4 2 3 5
0
1 4 2 5 3
0
1 4 3 2 5
0
1 4 3 5 2
0
1 4 5 2 3
0
1 4 5 3 2
0
1 5 2 3 4
9
1 5 2 4 3
9
1 5 3 2 4
9
1 5 3 4 2
9
1 5 4 2 3
9
1 5 4 3 2
9
2 1 3 4 5
0
2 1 3 5 4
0
2 1 4 3 5
0
2 1 4 5 3
0
2 1 5 3 4
9
2 1 5 4 3
9
2 3 1 4 5
0
2 3 1 5 4
18
2 3 4 1 5
18
2 3 4 5 1
14
2 3 5 1 4
14
2 3 5 4 1
0
2 4 1 3 5
0
2 4 1 5 3
18
2 4 3 1 5
18
2 4 3 5 1
14
2 4 5 1 3
14
2 4 5 3 1
0
2 5 1 3 4
7
2 5 1 4 3
7
2 5 3 1 4
0
2 5 3 4 1
0
2 5 4 1 3
0
2 5 4 3 1
0
3 1 2 4 5
0
3 1 2 5 4
0
3 1 4 2 5
0
3 1 4 5 2
0
3 1 5 2 4
9
3 1 5 4 2
9
3 2 1 4 5
0
3 2 1 5 4
18
3 2 4 1 5
18
3 2 4 5 1
14
3 2 5 1 4
14
3 2 5 4 1
0
3 4 1 2 5
0
3 4 1 5 2
18
3 4 2 1 5
18
3 4 2 5 1
14
3 4 5 1 2
14
3 4 5 2 1
0
3 5 1 2 4
7
3 5 1 4 2
7
3 5 2 1 4
0
3 5 2 4 1
0
3 5 4 1 2
0
3 5 4 2 1
0
4 1 2 3 5
0
4 1 2 5 3
0
4 1 3 2 5
0
4 1 3 5 2
0
4 1 5 2 3
9
4 1 5 3 2
9
4 2 1 3 5
0
4 2 1 5 3
18
4 2 3 1 5
18
4 2 3 5 1
14
4 2 5 1 3
14
4 2 5 3 1
0
4 3 1 2 5
0
4 3 1 5 2
18
4 3 2 1 5
18
4 3 2 5 1
14
4 3 5 1 2
14
4 3 5 2 1
0
4 5 1 2 3
7
4 5 1 3 2
7
4 5 2 1 3
0
4 5 2 3 1
0
4 5 3 1 2
0
4 5 3 2 1
0
5 1 2 3 4
7
5 1 2 4 3
7
5 1 3 2 4
7
5 1 3 4 2
7
5 1 4 2 3
7
5 1 4 3 2
7
5 2 1 3 4
0
5 2 1 4 3
0
5 2 3 1 4
0
5 2 3 4 1
0
5 2 4 1 3
0
5 2 4 3 1
0
5 3 1 2 4
0
5 3 1 4 2
0
5 3 2 1 4
0
5 3 2 4 1
0
5 3 4 1 2
0
5 3 4 2 1
0
5 4 1 2 3
0
5 4 1 3 2
0
5 4 2 1 3
0
5 4 2 3 1
0
5 4 3 1 2
0
5 4 3 2 1
0
18
